[398;301]
[398;301]
[400;299]
[397;301]
[396;299]
[403;298]
[401;298]
[399;299]
[400;299]
[398;300]
[396;298]
[400;304]
[397;300]
[395;301]
[400;301]
[398;303]
[401;300]
[398;306]
[399;300]
[399;296]
[397;299]
[400;301]
[394;303]
[398;299]
[401;300]
[402;296]
[399;302]
[400;299]
[398;295]
[398;300]
[397;301]
[399;301]
[400;297]
[399;296]
[397;302]
[400;301]
[398;300]
[398;299]
[398;300]
[399;299]
[397;299]
[397;297]
[401;303]
[401;300]
[394;302]
[391;310]
[397;298]
[400;300]
[395;300]
[398;298]
[400;297]
[399;300]
[399;298]
[400;299]
[398;299]
[401;299]
[401;301]
[396;299]
[402;303]
[398;300]
[397;303]
[400;300]
[395;302]
[399;298]
[402;300]
[401;299]
[398;305]
[399;297]
[395;299]
[396;299]
[400;300]
[399;299]
[402;299]
[399;299]
[396;300]
[396;300]
[397;300]
[399;300]
[399;300]
[401;301]
[399;301]
[393;302]
[400;295]
[398;297]
[396;301]
[400;300]
[403;299]
[401;300]
[403;302]
[399;299]
[402;300]
[402;298]
[400;300]
[398;299]
[400;300]
[399;302]
[401;300]
[400;300]
[400;300]
[397;297]
[390;301]
[402;298]
[399;301]
[399;298]
[400;299]
[402;300]
[396;303]
[400;299]
[390;293]
[396;301]
[395;300]
[397;297]
[400;303]
[405;301]
[398;298]
[400;301]
[400;300]
[399;301]
[401;300]
[393;297]
[398;295]
[399;300]
[405;301]
[393;297]
[399;299]
[400;301]
[399;303]
[400;299]
[396;308]
[398;298]
[399;302]
[399;297]
[400;300]
[399;299]
[399;300]
[401;302]
[398;298]
[398;302]
[396;302]
[399;303]
[401;300]
[397;299]
[398;296]
[397;302]
[403;301]
[398;300]
[395;296]
[403;300]
[400;302]
[401;299]
[398;300]
[397;298]
[393;304]
[401;301]
[400;300]
[399;299]
[406;300]
[406;298]
[399;298]
[399;301]
[399;300]
[400;299]
[400;299]
[398;301]
[398;301]
[401;300]
[399;300]
[400;294]
[398;300]
[398;301]
[401;300]
[400;299]
[398;305]
[395;302]
[398;301]
[394;302]
[400;304]
[399;298]
[399;300]
[402;298]
[401;299]
[397;301]
[391;299]
[397;301]
[399;300]
[400;299]
[400;300]
[400;298]
[400;301]
[397;303]
[400;300]
[398;299]
[395;296]
[393;301]
[400;299]
[399;300]
[393;300]
[399;299]
[400;299]
[397;300]
[398;300]
[400;300]
[400;299]
[399;299]
[400;300]
[399;303]
[401;297]
[399;300]
[400;298]
[393;298]
[401;302]
[404;297]
[400;300]
[400;299]
[402;300]
[399;300]
[398;296]
[400;300]
[401;299]
[399;303]
[399;295]
[402;301]
[399;300]
[399;299]
[398;297]
[403;299]
[399;299]
[398;297]
[399;299]
[400;299]
[397;300]
[398;299]
[399;297]
[399;301]
[397;300]
[404;300]
[400;300]
[405;306]
[399;300]
[401;303]
[405;301]
[400;299]
[398;298]
[399;301]
[398;299]
[401;301]
[400;299]
[400;301]
[397;306]
[399;299]
[401;298]
[399;299]
[397;297]
[397;300]
[398;301]
[391;302]
[401;301]
[398;298]
[404;302]
[401;298]
[400;300]
[398;297]
[399;302]
[399;301]
[401;299]
[395;300]
[398;299]
[399;299]
[401;297]
[398;301]
[392;303]
[400;300]
[399;301]
[399;298]
[398;298]
[399;300]
[400;305]
[399;295]
[399;300]
[399;302]
[399;299]
[400;300]
[400;300]
[399;300]
[401;300]
[398;299]
[399;299]
[399;303]
[399;296]
[388;296]
[397;302]
[401;302]
[402;297]
[400;299]
[398;302]
[404;301]
[398;299]
[400;300]
[401;299]
[400;300]
[407;298]
[399;298]
[396;296]
[399;299]
[400;299]
[397;299]
[399;300]
[399;299]
[400;299]
[398;299]
[396;299]
[398;297]
[399;300]
[399;300]
[401;299]
[401;300]
[399;300]
[401;299]
[400;301]
[400;301]
[404;302]
[398;296]
[400;301]
[403;300]
[401;299]
[400;299]
[399;299]
[394;302]
[400;300]
[400;296]
[402;299]
[400;300]
[402;299]
[400;299]
[399;299]
[404;298]
[398;302]
[394;297]
[400;302]
[400;300]
[399;301]
[399;299]
[400;299]
[400;306]
[400;299]
[397;302]
[399;301]
[397;300]
[396;300]
[397;300]
[398;301]
[400;302]
[400;300]
[398;299]
[400;299]
[401;298]
[399;296]
[394;302]
[399;302]
[397;300]
[401;295]
[396;301]
[399;300]
[395;302]
[397;297]
[396;301]
[400;297]
[402;307]
[398;300]
[399;299]
[399;300]
[400;302]
[401;302]
[400;301]
[397;301]
[398;297]
[398;300]
[399;300]
[400;298]
[396;302]
[400;299]
[392;301]
[397;301]
[396;290]
[398;298]
[400;301]
[402;298]
[400;298]
[403;298]
[398;296]
[399;299]
[401;299]
[397;294]
[398;304]
[394;302]
[399;300]
[400;306]
[398;301]
[399;295]
[398;305]
[399;297]
[400;303]
[403;297]
[398;293]
[397;300]
[404;301]
[399;299]
[397;297]
[403;299]
[404;300]
[398;299]
[399;299]
[400;296]
[400;298]
[398;300]
[398;297]
[398;300]
[397;302]
[399;299]
[399;298]
[398;297]
[395;302]
[400;300]
[402;301]
[400;303]
[399;300]
[399;304]
[397;300]
[399;300]
[400;300]
[399;302]
[401;301]
[396;298]
[395;299]
[404;296]
[400;303]
[396;302]
[394;296]
[402;302]
[401;300]
[397;298]
[402;299]
[397;299]
[400;298]
[402;304]
[400;301]
[401;298]
[399;302]
[402;299]
[399;300]
[400;300]
[401;299]
[399;300]
[408;300]
[397;300]
[401;300]
[399;298]
[400;300]
[398;298]
[397;298]
[399;297]
[399;294]
[398;297]
[399;300]
[400;300]
[398;299]
[400;299]
[403;298]
[398;299]
[399;302]
[399;300]
[400;300]
[396;297]
[398;300]
[397;299]
[399;300]
[399;298]
[399;301]
[401;301]
[397;301]
[401;301]
[396;299]
[399;300]
[399;302]
[401;299]
[401;298]
[401;298]
[395;301]
[400;300]
[400;300]
[399;299]
[399;300]
[400;301]
[400;301]
[402;295]
[403;296]
[399;299]
[400;304]
[396;300]
[400;300]
[400;297]
[400;300]
[399;296]
[401;300]
[399;301]
[397;300]
[400;296]
[402;297]
[396;294]
[399;302]
[400;301]
[401;298]
[400;300]
[400;300]
[404;299]
[399;298]
[402;293]
[404;294]
[401;302]
[399;298]
[402;298]
[398;300]
[399;300]
[399;303]
[403;297]
[396;300]
[398;301]
[398;298]
[398;298]
[398;299]
[399;301]
[401;300]
[402;303]
[399;302]
[404;298]
[399;297]
[399;299]
[401;298]
[402;299]
[400;299]
[400;299]
[395;298]
[395;295]
[399;302]
[401;298]
[399;299]
[398;300]
[403;300]
[398;297]
[397;296]
[399;299]
[396;301]
[401;299]
[396;302]
[400;299]
[398;301]
[396;304]
[399;300]
[398;301]
[402;299]
[406;299]
[404;303]
[401;301]
[400;299]
[401;301]
[397;300]
[400;306]
[400;301]
[401;299]
[398;296]
[399;299]
[398;292]
[399;297]
[402;300]
[398;298]
[400;301]
[398;304]
[398;301]
[397;299]
[401;302]
[398;299]
[396;294]
[400;300]
[403;302]
[399;300]
[392;302]
[399;301]
[399;302]
[400;300]
[398;299]
[397;302]
[399;299]
[399;298]
[399;300]
[399;300]
[401;299]
[395;302]
[400;302]
[397;300]
[397;301]
[402;296]
[390;304]
[398;299]
[395;298]
[399;299]
[399;304]
[401;299]
[399;297]
[402;296]
[391;299]
[397;299]
[399;300]
[402;302]
[397;299]
[399;301]
[397;299]
[398;300]
[398;301]
[400;302]
[402;295]
[397;297]
[399;302]
[399;299]
[397;296]
[399;301]
[396;297]
[391;291]
[403;296]
[401;301]
[397;297]
[399;300]
[401;303]
[400;295]
[399;300]
[400;300]
[397;297]
[398;301]
[401;297]
[399;299]
[395;304]
[399;299]
[401;298]
[398;300]
[395;296]
[400;297]
[401;301]
[399;302]
[400;300]
[394;295]
[398;298]
[401;299]
[395;302]
[403;302]
[398;299]
[402;301]
[402;299]
[399;300]
[400;299]
[400;300]
[401;301]
[397;299]
[399;299]
[397;296]
[399;302]
[399;299]
[401;301]
[399;297]
[398;301]
[400;300]
[398;302]
[400;300]
[393;300]
[403;303]
[401;298]
[399;299]
[398;300]
[400;299]
[399;300]
[402;298]
[398;300]
[392;303]
[397;297]
[397;301]
[398;298]
[400;296]
[394;295]
[396;298]
[399;298]
[390;297]
[406;298]
[398;297]
[395;300]
[398;302]
[394;303]
[398;300]
[399;300]
[398;299]
[401;299]
[403;299]
[399;299]
[396;303]
[406;302]
[402;299]
[399;296]
[401;299]
[395;297]
[395;304]
[398;300]
[393;297]
[396;304]
[397;301]
[395;300]
[398;307]
[395;303]
[401;296]
[397;303]
[399;297]
[398;299]
[398;300]
[404;300]
[402;300]
[398;304]
[401;300]
[396;302]
[399;304]
[397;300]
[397;300]
[399;299]
[398;298]
[400;299]
[397;304]
[402;298]
[402;301]
[394;299]
[398;300]
[400;299]
[398;300]
[398;298]
[399;302]
[402;300]
[398;301]
[402;302]
[400;299]
[399;299]
[394;298]
[400;299]
[402;298]
[403;299]
[396;302]
[399;298]
[397;298]
[399;298]
[398;300]
[400;298]
[397;298]
[398;299]
[400;301]
[403;296]
[397;301]
[398;297]
[402;299]
[397;299]
[397;297]
[396;302]
[408;303]
[397;300]
[399;300]
[397;297]
[400;300]
[399;300]
[398;300]
[399;298]
[398;300]
[400;301]
[387;295]
[399;299]
[402;299]
[399;299]
[402;298]
[399;299]
[395;297]
[399;301]
[396;292]
[400;299]
[400;299]
[398;300]
[403;296]
[400;300]
[400;300]
[398;302]
[399;301]
[398;297]
[401;299]
[400;300]
[401;300]
[0;0]
[399;299]
[397;298]
[400;299]
[397;297]
[396;301]
[402;296]
[398;305]
[403;299]
[400;300]
[400;298]
[390;296]
[403;302]
[403;301]
[405;297]
[401;300]
[400;301]
[404;301]
[399;300]
[397;300]
[402;300]
[398;303]
[398;294]
[396;295]
[398;299]
[397;302]
[398;302]
[400;297]
[398;298]
[396;304]
[398;298]
[400;299]
[398;304]
[400;299]
[398;297]
[399;300]
[398;301]
[399;300]
[400;293]
[400;298]
[399;299]
[399;299]
[398;301]
[401;302]
[398;299]
[407;305]
[399;300]
[398;298]
[391;300]
[401;303]
[401;297]
[399;299]
[399;297]
[396;297]
[400;298]
[397;299]
[396;299]
[399;296]
[397;298]
[400;299]
[399;301]
[402;296]
[400;299]
[401;299]
[400;300]
[401;298]
[402;300]
[397;306]
[397;297]
[399;302]
[401;305]
[400;300]
[397;300]
[396;305]
[400;299]
[398;300]
[398;301]
[397;299]
[398;299]
[402;300]
[390;298]
[400;301]
[397;298]
[399;299]
[397;299]
[404;302]
[399;303]
[401;299]
[400;298]
[395;298]
[400;297]
[397;297]
[401;301]
[399;298]
[400;301]
[399;301]
[400;298]
[400;299]
[398;298]
[397;301]
[400;300]
[399;299]
[399;299]
[397;305]
[396;304]
[398;298]
[400;301]
[399;299]
[401;302]
[399;301]
[399;301]
[401;298]
[400;301]
[401;299]
[399;298]
[399;300]
[399;299]
[400;300]
[401;301]
[406;300]
[399;299]
[396;296]
[394;300]
[407;293]
[400;298]
[399;298]
[400;302]
[396;303]
[399;300]
[398;299]
[401;301]
[401;298]
[400;299]
[399;299]
[398;297]
[400;300]
[398;302]
[399;297]
[399;299]
[399;302]
[403;301]
[396;301]
[399;296]
[402;301]
[400;299]
[400;298]
[401;300]
[401;301]
[399;300]
[395;295]
[400;301]
[398;298]
[400;299]
[389;299]
[400;301]
[399;299]
[398;297]
[403;301]
[399;298]
[401;300]
[399;301]
[400;303]
[397;300]
[398;301]
[399;304]
[396;300]
[397;298]
[398;298]
[398;301]
[397;296]
[397;297]
[393;299]
[397;299]
[398;297]
[400;299]
[398;297]
[397;299]
[400;300]
[399;301]
[402;303]
[398;294]
[399;300]
[398;303]
[401;301]
[400;297]
[398;300]
[399;300]
[399;299]
[398;294]
[397;298]
[396;303]
[400;297]
[396;300]
[404;300]
[400;297]
[398;301]
[400;296]
[400;301]
[398;299]
[399;298]
[398;300]
[398;300]
[396;300]
[399;298]
[397;302]
[400;299]
[397;298]
[400;298]
[397;298]
[400;297]
[399;300]
[397;301]
[400;299]
[399;300]
[396;299]
[402;300]
[401;299]
[399;300]
[400;300]
[404;299]
[400;298]
[399;297]
[402;298]
[402;296]
[400;300]
[399;302]
[399;298]
[397;297]
[398;301]
[404;297]
[396;296]
[403;297]
[397;300]
[399;299]
[399;300]
[397;303]
[408;298]
[401;301]
[396;301]
[398;302]
[402;298]
[401;299]
[398;296]
[404;299]
[402;296]
[403;300]
[401;300]
[395;300]
[397;302]
[404;298]
[397;301]
[400;304]
[396;299]
[394;297]
[399;299]
[398;301]
[402;299]
[399;295]
[398;301]
[400;298]
[400;298]
[397;300]
[398;303]
[400;299]
[393;303]
[401;300]
[401;304]
[401;301]
[400;302]
[401;300]
[400;302]
[394;298]
[399;299]
[397;301]
[397;298]
[399;299]
[399;298]
[394;297]
[399;302]
[398;304]
[398;302]
[401;300]
[400;301]
[396;301]
[401;300]
[399;300]
[396;304]
[399;302]
[402;300]
[400;300]
[394;302]
[401;300]
[402;298]
[402;298]
[405;298]
[397;300]
[398;301]
[400;303]
[397;300]
[396;297]
[395;299]
[396;297]
[397;299]
[406;299]
[396;301]
[400;301]
[400;299]
[400;301]
[399;306]
[398;296]
[400;300]
[401;301]
[400;300]
[400;300]
[399;299]
[400;303]
[400;299]
[397;301]
[396;300]
[396;293]
[400;300]
[406;298]
[399;301]
[402;300]
[398;301]
[396;299]
[403;299]
[395;296]
[401;300]
[400;299]
[400;300]
[396;299]
[400;303]
[391;296]
[399;299]
[395;301]
[398;301]
[403;298]
[399;300]
[398;300]
[402;299]
[392;298]
[396;302]
[402;299]
[401;296]
[400;302]
[403;297]
[400;298]
[385;284]
[405;302]
[398;299]
[400;300]
[400;299]
[398;300]
[400;299]
[396;296]
[398;301]
[399;300]
[400;299]
[398;299]
[400;300]
[402;300]
[397;299]
[400;302]
[402;299]
[397;302]
[400;297]
[398;297]
[401;299]
[397;301]
[401;300]
[399;303]
[401;297]
[398;297]
[392;301]
[404;302]
[400;298]
[398;300]
[401;300]
[398;301]
[399;300]
[398;297]
[399;299]
[400;298]
[400;300]
[399;299]
[397;303]
[401;294]
[397;297]
[399;300]
[402;299]
[400;299]
[400;302]
[400;296]
[399;300]
[398;301]
[395;295]
[409;296]
[402;299]
[398;298]
[401;297]
[399;303]
[404;299]
[397;296]
[402;299]
[399;302]
[403;297]
[399;301]
[397;299]
[397;300]
[402;298]
[398;301]
[397;301]
[396;298]
[399;299]
[398;296]
[399;297]
[396;292]
[398;301]
[401;299]
[401;300]
[400;302]
[401;300]
[400;300]
[399;299]
[400;305]
[398;303]
[398;300]
[400;299]
[399;300]
[397;297]
[400;300]
[400;303]
[400;299]
[405;299]
[401;297]
[400;299]
[398;296]
[401;300]
[403;301]
[401;301]
[398;300]
[398;300]
[397;300]
[400;301]
[396;300]
[401;300]
[397;299]
[401;304]
[400;299]
[393;299]
[401;297]
[398;300]
[398;293]
[401;302]
[398;298]
[398;296]
[401;297]
[397;299]
[400;301]
[399;298]
[394;302]
[402;299]
[393;303]
[400;301]
[399;300]
[401;300]
[391;291]
[400;299]
[400;302]
[399;302]
[399;300]
[396;298]
[395;299]
[397;298]
[400;304]
[398;301]
[401;302]
[399;299]
[400;305]
[400;302]
[401;299]
[400;299]
[396;299]
[397;298]
[398;295]
[401;299]
[397;302]
[401;299]
[399;301]
[400;303]
[400;300]
[399;299]
[400;298]
[399;300]
[398;299]
[396;301]
[404;299]
[395;295]
[398;296]
[397;299]
[401;299]
[398;298]
[398;300]
[402;300]
[400;300]
[398;300]
[400;299]
[397;299]
[400;299]
[399;297]
[397;295]
[401;300]
[405;301]
[403;305]
[398;300]
[403;295]
[400;303]
[401;298]
[398;301]
[400;301]
[400;301]
[400;300]
[400;301]
[400;298]
[397;298]
[396;302]
[401;301]
[396;299]
[401;300]
[400;298]
[398;300]
[402;299]
[396;302]
[400;300]
[395;297]
[400;294]
[400;299]
[399;298]
[398;297]
[398;299]
[399;298]
[399;301]
[400;299]
[398;300]
[399;299]
[399;299]
[399;301]
[399;298]
[401;298]
[398;295]
[400;299]
[402;301]
[398;299]
[401;300]
[398;302]
[395;300]
[400;298]
[397;300]
[395;294]
[400;299]
[393;311]
[399;298]
[396;294]
[399;298]
[397;301]
[399;300]
[397;299]
[397;299]
[397;302]
[396;302]
[399;300]
[397;318]
[399;295]
[400;300]
[394;301]
[393;302]
[401;299]
[402;298]
[400;301]
[396;304]
[398;303]
[404;301]
[398;296]
[396;298]
[399;299]
[394;303]
[399;299]
[401;302]
[398;297]
[396;302]
[398;302]
[399;299]
[393;299]
[399;299]
[400;300]
[402;302]
[397;297]
[398;300]
[398;304]
[398;299]
[397;300]
[397;302]
[399;300]
[400;298]
[406;298]
[396;303]
[397;299]
[399;299]
[398;299]
[399;300]
[400;298]
[400;299]
[400;300]
[396;301]
[398;301]
[399;300]
[393;301]
[403;295]
[405;304]
[396;301]
[398;299]
[395;303]
[401;299]
[400;299]
[396;293]
[402;301]
[400;299]
[403;298]
[399;296]
[399;298]
[394;302]
[400;298]
[399;300]
[399;297]
[401;298]
[394;301]
[400;301]
[399;301]
[396;304]
[401;299]
[399;300]
[401;304]
[395;303]
[396;297]
[400;300]
[400;301]
[399;300]
[399;302]
[400;300]
[398;297]
[398;296]
[399;299]
[400;301]
[400;299]
[402;297]
[399;298]
[400;299]
[401;301]
[391;301]
[399;297]
[399;300]
[397;304]
[398;300]
[400;299]
[399;301]
[395;297]
[401;299]
[400;298]
[395;297]
[399;300]
[400;300]
[403;302]
[401;300]
[398;301]
[399;300]
[396;301]
[400;300]
[399;298]
[398;299]
[400;301]
[401;300]
[397;297]
[397;299]
[400;297]
[398;298]
[403;302]
[399;300]
[401;300]
[400;299]
[394;298]
[396;303]
[387;294]
[397;299]
[397;303]
[399;298]
[399;299]
[399;295]
[401;300]
[399;304]
[399;300]
[400;303]
[398;303]
[400;299]
[401;298]
[396;299]
[399;299]
[404;294]
[400;300]
[400;300]
[398;299]
[402;298]
[400;300]
[400;296]
[406;297]
[401;298]
[398;306]
[400;299]
[401;297]
[399;292]
[398;299]
[399;297]
[395;298]
[398;298]
[394;301]
[401;303]
[396;300]
[400;301]
[397;299]
[402;304]
[399;302]
[399;298]
[401;300]
[397;297]
[399;301]
[399;300]
[401;300]
[397;297]
[395;300]
[399;297]
[400;299]
[398;303]
[397;297]
[400;296]
[399;299]
[399;299]
[396;304]
[402;299]
[395;299]
[398;299]
[397;298]
[397;294]
[397;299]
[401;299]
[398;301]
[398;300]
[398;301]
[400;300]
[397;299]
[401;298]
[399;299]
[393;300]
[396;301]
[399;298]
[398;300]
[399;300]
[400;295]
[398;299]
[400;300]
[398;300]
[398;299]
[400;299]
[398;299]
[400;301]
[402;302]
[399;299]
[399;301]
[400;301]
[400;300]
[396;294]
[399;300]
[400;299]
[399;302]
[399;298]
[398;298]
[395;299]
[394;299]
[397;298]
[400;297]
[396;297]
[399;299]
[396;298]
[399;301]
[405;296]
[404;298]
[400;301]
[395;290]
[400;302]
[397;297]
[399;299]
[400;299]
[398;301]
[397;297]
[399;300]
[402;296]
[399;299]
[401;302]
[398;299]
[400;297]
[399;301]
[399;299]
[396;301]
[398;297]
[397;301]
[397;300]
[399;297]
[402;301]
[398;300]
[405;302]
[397;295]
[399;300]
[399;301]
[397;300]
[401;299]
[398;297]
[398;299]
[398;298]
[396;294]
[399;298]
[399;299]
[395;299]
[401;300]
[402;296]
[396;292]
[398;299]
[403;298]
[398;296]
[401;302]
[398;302]
[404;299]
[400;299]
[397;300]
[395;304]
[406;298]
[399;299]
[401;298]
[394;298]
[399;302]
[399;300]
[401;299]
[401;307]
[399;300]
[403;301]
[397;299]
[401;305]
[401;297]
[396;295]
[401;303]
[411;295]
[399;302]
[397;298]
[401;299]
[400;301]
[398;300]
[399;301]
[396;301]
[399;298]
[397;303]
[401;300]
